num	:	22
x0 : -543.703125
z0 : 64.394318
vol0 : 1
samp0 : fountain.wav
x1 : -523.546387
z1 : 35.873863
vol1 : 1
samp1 : crowd.wav
x2 : -541.918762
z2 : 50.687145
vol2 : 1
samp2 : crowd.wav
x3 : -565.272949
z3 : 69.517639
vol3 : 1
samp3 : crowd.wav
x4 : -576.171997
z4 : 78.305290
vol4 : 1
samp4 : crowd.wav
x5 : -672.629517
z5 : 171.304306
vol5 : 1
samp5 : crowd.wav
x6 : -1436.982422
z6 : -308.556305
vol6 : 1
samp6 : crowd.wav
x7 : -1461.835571
z7 : -293.222473
vol7 : 1
samp7 : crowd.wav
x8 : -1496.679321
z8 : -257.298462
vol8 : 1
samp8 : crowd.wav
x9 : -1892.861450
z9 : -770.201660
vol9 : 1
samp9 : crowd.wav
x10 : -1918.256958
z10 : -795.136963
vol10 : 1
samp10 : crowd.wav
x11 : -2094.572021
z11 : -1111.989868
vol11 : 1
samp11 : crowd.wav
x12 : 1207.081909
z12 : -314.400177
vol12 : 1
samp12 : crowd.wav
x13 : 1464.532837
z13 : 245.172012
vol13 : 1
samp13 : crowd.wav
x14 : 1503.322510
z14 : 244.293091
vol14 : 1
samp14 : crowd.wav
x15 : 1543.664185
z15 : 242.349197
vol15 : 1
samp15 : crowd.wav
x16 : 1588.204468
z16 : 237.927277
vol16 : 1
samp16 : crowd.wav
x17 : 1612.782959
z17 : 234.731186
vol17 : 1
samp17 : crowd.wav
x18 : 1744.127930
z18 : -327.910065
vol18 : 1
samp18 : crowd.wav
x19 : 1767.213867
z19 : -321.358551
vol19 : 1
samp19 : crowd.wav
x20 : 1701.150269
z20 : -328.023285
vol20 : 1
samp20 : crowd.wav
x21 : 1659.232300
z21 : -330.661102
vol21 : 1
samp21 : crowd.wav
