#
# Track Data Created with track Spline V1.00
#

#
yangle  :       004.817109

spx0    :       1088.343596
spz0    :       -546.135019

spx1    :       1086.625867
spz1    :       -555.092053

spx2    :       1100.858873
spz2    :       -548.466293

spx3    :       1098.895729
spz3    :       -557.177930

spx4    :       1114.723972
spz4    :       -550.674868

spx5    :       1112.883579
spz5    :       -559.631971

spx6    :       1127.730078
spz6    :       -553.251574

spx7    :       1126.012349
spz7    :       -561.840512

spx8    :       1141.349763
spz8    :       -555.582813

spx9    :       1139.877277
spz9    :       -564.539916

spx10   :       1154.601283
spz10   :       -557.914121

spx11   :       1153.006219
spz11   :       -566.993888

# racing line info

rlfirst :        0
rlmain  :        0
rllast  :        0
rlpits  :        0
zback   :        2000.000000
