#
# Track Data Created with track Spline V1.00
#

#
yangle	:	001.221730

spx0	:	204.907990
spz0	:	-330.552155

spx1	:	207.239273
spz1	:	-335.582825

spx2	:	210.061356
spz2	:	-341.717804

spx3	:	211.779144
spz3	:	-346.257690

spx4	:	191.901855
spz4	:	-334.601257

spx5	:	194.110443
spz5	:	-339.386505

spx6	:	197.546021
spz6	:	-346.134979

spx7	:	199.754608
spz7	:	-350.920258

spx8	:	179.877304
spz8	:	-339.018433

spx9	:	181.840500
spz9	:	-343.190186

spx10	:	185.521484
spz10	:	-350.797577

spx11	:	187.361969
spz11	:	-355.460144

# racing line info

rlfirst	:	0
rlmain	:	0
rllast	:	0
rlpits	:	0
zback	:	24000.000000
